12
13
14
15
16
17
18
19
20
22
23
24
26
27
28
29
30
31
33
34
35
36
37
38
39
40
41
43
44
45
46
47
48
49
50
52
53
54
55
56
57
58
59
60
61
62
63
64
65
66
67
68
69
70
71
72
73
74
75
76
77
78
79
81
82
83
84
87
88
89
90
91
92
93
94
95
96
101
102
103
104
105
106
107
108
109
110
111
112
113
114
115
116
117
118
119
120
121
122
123
124
125
126
127
128
129
130
131
132
133
135
137
138
139
140
141
142
143
144
145
147
148
150
151
152
153
154
156
157
159
161
162
163
164
165
166
169
170
171
172
173
174
175
176
177
178
179
180
181
182
183
184
192
193
195
196
199
200
201
202
203
204
205
206
209
211
212
213
214
215
216
217
218
219
220
222
224
226
227
228
229
230
231
232
233
235
237
238
240
241
242
244
248
250
253
254
255
256
257
259
262
263
264
265
266
267
268
271
272
273
278
279
280
281
282
283
284
285
286
287
288
294
295
296
297
298
299
300
301
303
304
305
306
307
308
309
310
311
314
315
316
317
318
319
320
321
322
323
324
325
326
327
328
329
330
331
332
333
334
335
336
337
338
339
340
341
342
343
344
345
346
347
348
349
350
351
352
353
354
361
363
364
365
366
370
371
372
373
374
375
376
377
378
379
380
381
382
383
384
385
386
387
388
389
390
391
392
393
397
398
399
400
401
402
403
404
405
406
407
408
409
410
411
412
413
414
415
416
417
418
419
420
421
422
423
424
425
426
427
428
429
431
433
435
436
437
438
439
440
441
442
444
446
447
448
449
450
451
452
453
454
455
456
459
460
461
462
463
464
465
466
467
468
469
470
471
472
473
474
475
476
477
478
479
480
481
482
483
484
485
486
487
488
489
490
491
492
493
494
495
498
499
500
502
503
504
505
507
508
509
510
511
512
513
514
515
516
518
519
520
521
522
523
524
526
527
528
530
532
533
534
536
537
538
539
540
541
542
543
544
545
546
547
548
549
551
552
553
554
555
558
559
560
561
562
563
567
569
570
571
572
573
574
575
576
578
579
580
581
582
583
584
585
586
587
589
590
591
592
595
596
598
600
602
603
604
605
606
607
608
609
611
612
613
614
615
616
617
618
619
620
621
622
623
624
625
627
628
629
631
632
634
635
636
637
638
642
644
645
646
648
649
650
651
652
654
655
656
657
659
660
661
662
663
665
666
667
668
669
670
671
672
677
678
679
681
682
683
687
688
689
690
691
692
693
694
695
696
697
698
699
700
701
702
703
704
705
706
707
708
709
710
711
712
713
714
715
716
717
718
719
720
721
722
723
724
725
726
727
728
729
730
731
732
733
734
735
738
739
740
741
742
743
744
745
746
747
748
750
751
753
754
755
756
757
758
759
760
761
763
764
767
768
769
770
773
774
775
776
777
778
779
780
781
782
783
784
785
786
787
788
789
790
791
792
793
794
795
797
798
799
800
801
802
803
804
805
806
808
809
810
811
813
814
816
817
818
819
820
821
822
823
824
825
826
827
828
829
830
832
833
834
835
836
837
838
839
840
841
842
843
844
845
846
847
848
849
850
851
852
854
856
858
859
860
861
868
869
870
871
872
873
874
876
877
878
879
880
882
883
884
886
887
888
889
891
892
893
894
895
896
897
899
900
901
902
903
904
905
906
907
908
909
910
911
912
913
914
915
917
918
919
920
921
922
923
924
925
926
927
928
929
930
931
934
937
938
939
940
941
942
943
945
946
947
948
949
950
951
952
953
954
955
956
957
958
959
960
961
962
963
964
965
966
967
968
969
974
975
976
977
978
979
980
981
983
984
985
986
987
988
989
990
991
993
994
995
996
997
999
1000
1003
1016
1017
1018
1020
1021
1024
1025
1027
1032
1033
1034
1035
1036
1037
1038
1039
1040
1041
1042
1044
1049
1050
1051
1053
1054
1055
1056
1057
1058
1059
1060
1061
1062
1063
1065
1066
1067
1068
1069
1070
1071
1072
1073
1074
1075
1076
1077
1078
1079
1080
1081
1082
1083
1084
1085
1086
1087
1088
1089
1091
1092
1093
1094
1095
1096
1097
1098
1099
1100
1101
1102
1105
1106
1107
1108
1109
1110
1111
1116
1117
1118
1119
1120
1121
1122
1123
1124
1125
1127
1128
1129
1130
1131
1132
1134
1135
1136
1137
1138
1139
1140
1141
1142
1143
1144
1146
1147
1148
1149
1150
1151
1152
1153
1154
1155
1156
1157
1158
1159
1160
1161
1164
1189
1190
1191
1192
1193
1194
1195
1196
1197
1198
1199
1200
1201
1202
1203
1204
1206
1208
1209
1210
1211
1213
1214
1216
1223
1229
1237
1238
1239
1240
1241
1242
1243
1244
1245
1246
1247
1248
1249
1250
1251
1252
1253
1254
1255
1256
1257
1258
1259
1261
1262
1264
1265
1266
1267
1268
1269
1270
1271
1272
1273
1274
1275
1276
1277
1278
1279
1280
1281
1282
1310
1311
1313
1314
1315
1316
1317
1318
1319
1320
1321
1322
1323
1324
1325
1326
1327
1328
1329
1332
1333
1334
1335
1336
1337
1338
1339
1340
1341
1342
1343
1344
1345
1346
1347
1348
1349
1350
1351
1352
1353
1354
1355
1356
1357
1358
1360
1361
1362
1364
1365
1366
1367
1368
1369
1370
1371
1372
1373
1375
1376
1377
1378
1383
1384
1385
1386
1387
1388
1389
1390
1391
1392
1393
1394
1395
1396
1397
1408
1411
1413
1414
1419
1420
1421
1422
1423
1424
1425
1426
1427
1428
1429
1430
1431
1432
1433
1434
1435
1436
1437
1438
1439
1440
1441
1442
1443
1444
1445
1446
1447
1448
1449
1450
1451
1452
1453
1454
1455
1456
1457
1458
1459
1460
1461
1462
1463
1464
1465
1466
1467
1468
1469
1470
1471
1472
1473
1474
1475
1476
1477
1478
1479
1480
1481
1487
1488
1489
1490
1491
1492
1493
1494
1495
1497
1498
1499
1500
1501
1502
1503
1504
1505
1506
1507
1508
1509
1510
1511
1512
1513
1514
1515
1516
1517
1518
1519
1520
1521
1522
1523
1524
1525
1526
1527
1528
1529
1530
1531
1532
1533
1534
1535
1536
1537
1538
1539
1540
1541
1542
1543
1544
1545
1546
1547
1548
1549
1550
1551
1552
1553
1554
1555
1556
1558
1559
1560
1561
1562
1563
1564
1565
1566
1567
1568
1569
1570
1571
1572
1573
1574
1575
1576
1577
1578
1579
1580
1581
1582
1583
1584
1585
1586
1587
1589
1590
1591
1592
1593
1594
1595
1596
1597
1598
1599
1600
1601
1602
1603
1604
1605
1606
1607
1608
1609
1610
1611
1612
1613
1614
1615
1616
1618
1619
1620
1621
1622
1623
1625
1627
1628
1629
1630
1631
1632
1633
1634
1635
1637
1638
1639
1640
1641
1642
1643
1644
1645
1646
1647
1648
1649
1650
1652
1653
1654
1655
1656
1657
1658
1659
1660
1662
1663
1664
1665
1666
1667
1668
1669
1670
1671
1672
1673
1674
1675
1676
1677
1678
1679
1680
1682
1683
1684
1685
1686
1687
1688
1689
1693
1694
1695
1696
1697
1698
1699
1700
1701
1702
1703
1704
1705
1706
1707
1708
1710
1711
1712
1713
1714
1715
1716
1717
1718
1722
1723
1726
1727
1728
1729
1730
1731
1732
1733
1734
1735
1736
1737
1738
1739
1743
1744
1745
1746
1747
1748
1749
1750
1751
1752
1753
1754
1755
1756
1757
1758
1759
1760
1761
1763
1764
1765
1766
1767
1768
1769
1770
1771
1772
1773
1774
1775
1776
1777
1778
1779
1780
1781
1782
1783
1784
1785
1786
1788
1789
1790
1791
1792
1793
1794
1795
1796
1797
1798
1799
1800
1801
1802
1803
1804
1805
1806
1807
1808
1809
1811
1813
1815
1816
1817
1818
1819
1820
1821
1822
1823
1824
1825
1826
1827
1828
1829
1830
1831
1832
1833
1834
1835
1836
1837
1838
1839
1840
1842
1843
1844
1845
1846
1847
1850
1852
1855
1861
1863
1864
1865
1866
1867
1868
1869
1870
1871
1872
1873
1874
1875
1876
1877
1878
1879
1880
1881
1882
1883
1884
1885
1886
1887
1888
1889
1890
1891
1892
1893
1894
1895
1896
1897
1898
1899
1900
1901
1902
1903
1904
1921
1922
1923
1924
1925
1926
1927
1928
1929
1930
1931
1932
1933
1934
1935
1936
1937
1938
1939
1940
1941
1942
1943
1944
1946
1947
1948
1949
1950
1951
1952
1953
1954
1955
1956
1957
1958
1959
1960
1961
1962
1963
1964
1965
1966
1967
1968
1969
1970
1971
1972
1973
1974
1975
1976
1977
1978
1979
1980
1981
1982
1983
1984
1985
1986
1987
1988
1989
1990
1992
1993
1994
1995
1996
1997
1998
1999
2000
2001
2002
2003
2004
2005
2006
2007
2008
2009
2010
2011
2012
2013
2014
2015
2016
2017
2018
2019
2020
2021
2022
2023
2024
2025
2026
2027
2028
2029
2030
2031
2032
2033
2034
2035
2036
2037
2038
2039
2040
2041
2042
2044
2045
2046
2047
2048
2049
2050
2051
2052
2053
2054
2055
2056
2057
2058
2059
2060
2061
2062
2063
2064
2065
2066
2067
2068
2069
2070
2071
2072
2073
2074
2075
2076
2077
2078
2079
2080
2081
2082
2084
2085
2086
2087
2088
2089
2090
2091
2092
2093
2094
2095
2096
2097
2098
2099
2102
2103
2104
2105
2107
2108
2109
2116
2117
2118
2119
2125
2126
2129
2130
2133
2134
2135
2136
2138
2139
2141
2142
2144
2145
2149
2150
2151
2152
2153
2154
2156
2157
2158
2159
2160
2161
2184
2185
2186
2188
2189
2206
2207
2208
2209
2210
2211
2215
2217
2240
2242
2243
2244
2288
2289
2290
2291
2292
2293
2294
2295
2296
2297
2298
2299
2300
2301
2303
2304
2305
2306
2307
2308
2309
2310
2311
2312
2313
2314
2315
2316
2317
2318
2319
2320
2321
2322
2323
2324
2325
2326
2327
2328
2329
2331
2332
2333
2334
2335
2336
2337
2338
2339
2340
2341
2342
2343
2344
2345
2346
2347
2348
2349
2350
2351
2352
2353
2354
2355
2356
2357
2358
2359
2360
2361
2362
2363
2364
2365
2366
2367
2368
2369
2370
2371
2372
2373
2374
2375
2376
2377
2378
2379
2380
2381
2382
2383
2384
2385
2386
2387
2388
2390
2391
2392
2393
2394
2395
2396
2397
2398
2399
2400
2401
2402
2403
2404
2405
2406
2407
2408
2409
2410
2411
2412
2413
2414
2415
2416
2417
2418
2419
2420
2421
2422
2423
2424
2425
2426
2427
2428
2429
2430
2431
2432
2433
2434
2435
2436
2437
2438
2439
2440
2441
2442
2443
2444
2445
2446
2447
2448
2449
2450
2451
2452
2453
2454
2455
2456
2457
2458
2459
2460
2461
2462
2463
2464
2465
2466
2467
2468
2469
2470
2471
2472
2473
2474
2475
2476
2477
2478
2479
2480
2481
2482
2483
2484
2485
2486
2487
2488
2489
2490
2491
2492
2493
2494
2495
2496
2497
2498
2499
2500
2501
2502
2503
2504
2505
2506
2507
2508
2509
2510
2511
2512
2513
2514
2515
2516
2517
2518
2519
2520
2521
2522
2523
2524
2525
2526
2527
2528
2529
2530
2531
2532
2533
2534
2535
2536
2537
2538
2539
2540
2541
2542
2543
2544
2545
2546
2547
2548
2549
2550
2551
2552
2553
2554
2555
2556
2557
2558
2559
2560
2561
2562
2563
2564
2565
2566
2567
2568
2569
2570
2571
2572
2577
2644
2645
2646
2647
2648
2649
2650
2651
2652
2653
2654
2655
2656
2657
2658
2659
2660
2661
2662
2663
2664
2665
2666
2667
2668
2669
2670
2671
2672
2673
2674
2675
2676
2677
2678
2679
2680
2685
2686
2687
2688
2689
2690
2691
2692
2693
2694
2695
2705
2706
2707
2708
2709
2710
2711
2712
2713
2714
2715
2717
2718
2719
2720
2721
2722
2723
2724
2725
2726
2727
2728
2729
2730
2731
2732
2733
2734
2735
2736
2737
2738
2739
2741
2742
2743
2744
2745
2746
2747
2748
2749
2750
2751
2752
2753
2754
2758
2759
2760
2761
2762
2763
2764
2765
2766
2767
2768
2769
2770
2771
2773
2774
2775
2778
2782
2783
2784
2785
2786
2787
2788
2789
2790
2791
2792
2793
2794
2795
2801
2802
2803
2804
2805
2815
2816
2817
2818
2819
2822
2823
2824
2825
2827
2829
2830
2831
2832
2833
2834
2836
2837
2838
2839
2840
2843
2845
2847
2848
2849
2850
2861
2862
2863
2864
2865
2866
2867
2868
2869
2870
2871
2872
2873
2874
2875
2876
2877
2878
2883
2884
2885
2886
2887
2888
2889
2890
2891
2892
2893
2894
2895
2896
2897
2898
2903
2904
2905
2906
2907
2908
2909
2910
2911
2912
2913
2914
2915
2917
2918
2920
2921
2922
2923
2924
2925
2926
2927
2928
2930
2931
2932
2933
2934
2935
2937
2938
2939
2940
2941
2942
2943
2944
2945
2946
2947
2948
2949
2950
2951
2952
2953
2954
2959
2960
2961
2962
2963
2964
2965
2966
2967
2969
2971
2972
2975
2976
2977
2978
2980
2981
2982
2983
2984
2989
2991
2993
2994
2995
2996
2997
2998
2999
3000
3002
3004
3005
3007
3008
3009
3010
3011
3013
3015
3016
3017
3018
3019
3020
3021
3023
3025
3027
3028
3029
3030
3032
3033
3035
3037
3039
3041
3044
3045
3046
3047
3049
3052
3053
3055
3057
3058
3061
3062
3063
3064
3065
3067
3068
3070
3071
3073
3075
3076
3078
3079
3081
3084
3085
3086
3087
3088
3089
3090
3091
3092
3094
3109
3110
3111
3112
3113
3114
3115
3116
3117
3132
3133
3134
3135
3136
3137
3145
3146
3147
3148
3149
3150
3151
3152
3153
3154
3156
3157
3158
3160
3161
3162
3163
3165
3166
3169
3171
3173
3174
3176
3177
3179
3181
3182
3183
3184
3185
3186
3187
3190
3191
3192
3207
3208
3209
3210
3211
3212
3213
3214
3215
3223
3224
3225
3226
3227
3228
3229
3230
3231
3232
3233
3239
3240
3241
3242
3243
3244
3245
3246
3247
3248
3249
3250
3251
3252
3253
3254
3255
3256
3257
3258
3259
3260
3261
3262
3263
3264
3265
3266
3267
3268
3269
3270
3271
3272
3273
3274
3275
3276
3277
3278
3279
3280
3281
3282
3283
3284
3285
3286
3287
3288
3289
3290
3291
3292
3294
3295
3296
3297
3298
3299
3301
3302
3303
3305
3306
3308
3309
3311
3312
3313
3315
3318
3320
3322
3323
3324
3325
3326
3327
3328
3329
3331
3332
3333
3334
3335
3336
3337
3338
3339
3340
3341
3342
3343
3344
3346
3347
3348
3349
3350
3351
3379
3380
3381
3382
3394
3395
3396
3397
3398
3401
3406
3407
3412
3413
3416
3422
3428
3429
3430
3431
3432
3433
3434
3435
3436
3437
3438
3439
3440
3441
3442
3443
3444
3445
3447
3448
3449
3450
3451
3523
3524
3525
3526
3527
3530
3532
3533
3534
3535
3536
3537
3538
3539
3540
3541
3542
3543
3544
3545
3546
3547
3548
3549
3550
3551
3552
3553
3554
3555
3556
3557
3558
3559
3560
3561
3562
3563
3564
3565
3566
3567
3568
3569
3570
3571
3572
3573
3574
3575
3576
3577
3578
3579
3580
3581
3582
3583
3584
3585
3586
3587
3588
3589
3590
3591
3607
3673
3674
3675
3676
3680
3681
3682
3683
3691
3698
3703
3704
3705
3706
3708
3709
3710
3722
3723
3724
3725
3726
3728
3729
3730
3731
3733
3734
3735
3737
3803
3821
3826
3827
3828
3829
3830
3831
3832
3834
3835
3836
3837
3838
3839
3840
3841
3842
3843
3844
3845
3846
3847
3848
3849
3850
3851
3853
3854
3868
3869
3870
3871
3872
3873
3874
3875
3876
3877
3878
3879
3880
3881
3882
3883
3884
3885
3886
3887
3888
3889
3890
3891
3892
3893
3894
3896
3897
3898
3899
3900
3901
3902
3903
3904
3905
3906
3907
3908
3909
3910
3912
3913
3915
3916
3917
3918
3919
3920
3921
3922
3923
3924
3925
3926
3927
3928
3929
3930
3931
3932
3933
3934
3935
3936
3937
3938
3939
3940
3941
3942
3943
3944
3945
3946
3947
3948
3949
3950
3951
3952
3953
3954
3955
3956
3957
3958
3959
3960
3961
3962
3963
3964
3965
3966
3967
3968
3969
3970
3971
3972
3973
3974
3975
3976
3977
3978
3979
3980
3981
3982
3983
3984
3985
3986
3987
3988
3989
3990
3991
3992
3993
3994
3995
3996
3997
3998
3999
4000
4001
4002
4003
4004
4005
4006
4007
4008
4009
4010
4011
4012
4013
4014
4015
4016
4018
4019
4020
4021
4022
4023
4024
4025
4026
4027
4028
4029
4030
4031
4032
4033
4034
4035
4036
4037
4038
4039
4040
4052
4054
4055
4056
4057
4058
4059
4060
4061
4062
4063
4064
4065
4066
4067
4068
4069
4070
4071
4072
4073
4074
4075
4076
4077
4078
4079
4080
4081
4082
4083
4084
4085
4086
4087
4088
4089
4104
4105
4106
4107
4108
4109
4110
4112
4113
4114
4115
4116
4117
4118
4119
4120
4121
4122
4123
4124
4125
4126
4127
4129
4130
4131
4132
4133
4134
4135
4136
4137
4138
4139
4140
4141
4142
4143
4144
4145
4146
4147
4148
4149
4150
4152
4165
4166
4167
4168
4169
4170
4171
4172
4173
4174
4175
4176
4177
4178
4193
4194
4195
4196
4197
4198
4199
4200
4202
4216
4219
4220
4245
4246
4248
4249
4253
4255
4257
4284
4290
4291
4292
4295
4296
4297
4298
4300
4302
4305
4306
4308
4321
4328
4329
4330
4331
4334
4335
4338
4344
4348
4349
4355
4357
4359
4360
4361
4375
4382
4383
4384
4385
4386
4388
4389
4390
4391
4392
4393
4395
4396
4397
4398
4399
4400
4404
4406
4416
4417
4418
4419
4420
4421
4424
4425
4426
4427
4428
4430
4434
4435
4436
4437
4438
4439
4440
4441
4442
4443
4444
4445
4452
4453
4454
4455
4456
4457
4458
4459
4460
4467
4468
4469
4470
4471
4472
4473
4474
4475
4476
4477
4478
4480
4489
4496
4497
4513
4514
4516
4517
4518
4519
4520
4521
4522
4523
4525
4526
4527
4528
4532
4533
4537
4538
4539
4542
4543
4544
4545
4546
4547
4548
4549
4550
4551
4555
4556
4557
4558
4559
4560
4561
4562
4563
4564
4565
4566
4567
4568
4569
4572
4573
4580
4582
4583
4584
4585
4588
4589
4590
4591
4592
4593
4594
4595
4596
4597
4600
4601
4602
4603
4604
4605
4606
4607
4608
4609
4610
4611
4612
4613
4614
4615
4616
4617
4618
4619
4620
4622
4623
4633
4635
4636