2946
4067
4136
87
1470
810
2557
849
2552
2561
923
215
3927
3735
2490
3918
1062
3087
983
994
1040
2819
3850
472
2795
3186
951
1270
128
242
3337
2663
170
2790
989
3535
495
745
335
492
522
3439
70
4061
4528
2924
1530
3076
463
1020
489
1847
775
3569
3252
2151
1378
2516
4169
4078
17
956
2349
822
2537
1872
2646
3232
469
2932
90
4028
2801
2913
199
1466
3406
2815
3133
2408
4608
280
2662
26
4113
2967
2406
2294
3838
3149
3005
2520
638
3343
2030
4080
584
1264
4004
2818
4445
286
581
4468
1885
266
4489
482
88
2391
3209
3584
1448
2558
3894
2038
1600
3137
754
903
692
541
2935
3924
3944
1532
2089
4425
2482
1734
3874
4593
1869
1850
507
139
121
534
2049
218
4144
2458
3113
1880
4567
4125
1408
1805
1443
3709
1477
193
3915
4467
49
2934
2336
2288
89
1528
2026
3846
2096
4026
272
459
1439
2805
422
3557
2743
1723
2951
1883
1386
2940
908
4456
2528
1421
1110
4607
1075
1659
1091
3282
2055
2775
3967
518
966
1813
2057
1124
384
1081
604
206
1082
141
2871
1142
1996
3177
821
4297
1506
1435
934
1993
